128 192
32 32 32

1 1 0 64 INV
1 1 32 65 INV
2 1 64 65 66 AND
1 1 66 160 INV
1 1 1 67 INV
1 1 33 68 INV
2 1 67 68 69 AND
1 1 69 161 INV
1 1 2 70 INV
1 1 34 71 INV
2 1 70 71 72 AND
1 1 72 162 INV
1 1 3 73 INV
1 1 35 74 INV
2 1 73 74 75 AND
1 1 75 163 INV
1 1 4 76 INV
1 1 36 77 INV
2 1 76 77 78 AND
1 1 78 164 INV
1 1 5 79 INV
1 1 37 80 INV
2 1 79 80 81 AND
1 1 81 165 INV
1 1 6 82 INV
1 1 38 83 INV
2 1 82 83 84 AND
1 1 84 166 INV
1 1 7 85 INV
1 1 39 86 INV
2 1 85 86 87 AND
1 1 87 167 INV
1 1 8 88 INV
1 1 40 89 INV
2 1 88 89 90 AND
1 1 90 168 INV
1 1 9 91 INV
1 1 41 92 INV
2 1 91 92 93 AND
1 1 93 169 INV
1 1 10 94 INV
1 1 42 95 INV
2 1 94 95 96 AND
1 1 96 170 INV
1 1 11 97 INV
1 1 43 98 INV
2 1 97 98 99 AND
1 1 99 171 INV
1 1 12 100 INV
1 1 44 101 INV
2 1 100 101 102 AND
1 1 102 172 INV
1 1 13 103 INV
1 1 45 104 INV
2 1 103 104 105 AND
1 1 105 173 INV
1 1 14 106 INV
1 1 46 107 INV
2 1 106 107 108 AND
1 1 108 174 INV
1 1 15 109 INV
1 1 47 110 INV
2 1 109 110 111 AND
1 1 111 175 INV
1 1 16 112 INV
1 1 48 113 INV
2 1 112 113 114 AND
1 1 114 176 INV
1 1 17 115 INV
1 1 49 116 INV
2 1 115 116 117 AND
1 1 117 177 INV
1 1 18 118 INV
1 1 50 119 INV
2 1 118 119 120 AND
1 1 120 178 INV
1 1 19 121 INV
1 1 51 122 INV
2 1 121 122 123 AND
1 1 123 179 INV
1 1 20 124 INV
1 1 52 125 INV
2 1 124 125 126 AND
1 1 126 180 INV
1 1 21 127 INV
1 1 53 128 INV
2 1 127 128 129 AND
1 1 129 181 INV
1 1 22 130 INV
1 1 54 131 INV
2 1 130 131 132 AND
1 1 132 182 INV
1 1 23 133 INV
1 1 55 134 INV
2 1 133 134 135 AND
1 1 135 183 INV
1 1 24 136 INV
1 1 56 137 INV
2 1 136 137 138 AND
1 1 138 184 INV
1 1 25 139 INV
1 1 57 140 INV
2 1 139 140 141 AND
1 1 141 185 INV
1 1 26 142 INV
1 1 58 143 INV
2 1 142 143 144 AND
1 1 144 186 INV
1 1 27 145 INV
1 1 59 146 INV
2 1 145 146 147 AND
1 1 147 187 INV
1 1 28 148 INV
1 1 60 149 INV
2 1 148 149 150 AND
1 1 150 188 INV
1 1 29 151 INV
1 1 61 152 INV
2 1 151 152 153 AND
1 1 153 189 INV
1 1 30 154 INV
1 1 62 155 INV
2 1 154 155 156 AND
1 1 156 190 INV
1 1 31 157 INV
1 1 63 158 INV
2 1 157 158 159 AND
1 1 159 191 INV