466 530
32 32 32

2 1 0 1 64 XOR
2 1 64 32 65 AND
2 1 65 0 66 XOR
2 1 2 3 67 XOR
2 1 67 32 68 AND
2 1 68 2 69 XOR
2 1 66 69 70 XOR
2 1 70 33 71 AND
2 1 66 71 72 XOR
2 1 4 5 73 XOR
2 1 73 32 74 AND
2 1 74 4 75 XOR
2 1 6 7 76 XOR
2 1 76 32 77 AND
2 1 77 6 78 XOR
2 1 75 78 79 XOR
2 1 79 33 80 AND
2 1 75 80 81 XOR
2 1 72 81 82 XOR
2 1 82 34 83 AND
2 1 72 83 84 XOR
2 1 8 9 85 XOR
2 1 85 32 86 AND
2 1 86 8 87 XOR
2 1 10 11 88 XOR
2 1 88 32 89 AND
2 1 89 10 90 XOR
2 1 87 90 91 XOR
2 1 91 33 92 AND
2 1 87 92 93 XOR
2 1 12 13 94 XOR
2 1 94 32 95 AND
2 1 95 12 96 XOR
2 1 14 15 97 XOR
2 1 97 32 98 AND
2 1 98 14 99 XOR
2 1 96 99 100 XOR
2 1 100 33 101 AND
2 1 96 101 102 XOR
2 1 93 102 103 XOR
2 1 103 34 104 AND
2 1 93 104 105 XOR
2 1 84 105 106 XOR
2 1 106 35 107 AND
2 1 84 107 108 XOR
2 1 16 17 109 XOR
2 1 109 32 110 AND
2 1 110 16 111 XOR
2 1 18 19 112 XOR
2 1 112 32 113 AND
2 1 113 18 114 XOR
2 1 111 114 115 XOR
2 1 115 33 116 AND
2 1 111 116 117 XOR
2 1 20 21 118 XOR
2 1 118 32 119 AND
2 1 119 20 120 XOR
2 1 22 23 121 XOR
2 1 121 32 122 AND
2 1 122 22 123 XOR
2 1 120 123 124 XOR
2 1 124 33 125 AND
2 1 120 125 126 XOR
2 1 117 126 127 XOR
2 1 127 34 128 AND
2 1 117 128 129 XOR
2 1 24 25 130 XOR
2 1 130 32 131 AND
2 1 131 24 132 XOR
2 1 26 27 133 XOR
2 1 133 32 134 AND
2 1 134 26 135 XOR
2 1 132 135 136 XOR
2 1 136 33 137 AND
2 1 132 137 138 XOR
2 1 28 29 139 XOR
2 1 139 32 140 AND
2 1 140 28 141 XOR
2 1 30 31 142 XOR
2 1 142 32 143 AND
2 1 143 30 144 XOR
2 1 141 144 145 XOR
2 1 145 33 146 AND
2 1 141 146 147 XOR
2 1 138 147 148 XOR
2 1 148 34 149 AND
2 1 138 149 150 XOR
2 1 129 150 151 XOR
2 1 151 35 152 AND
2 1 129 152 153 XOR
2 1 108 153 154 XOR
2 1 154 36 155 AND
2 1 108 155 498 XOR
2 1 1 2 156 XOR
2 1 156 32 157 AND
2 1 157 1 158 XOR
2 1 3 4 159 XOR
2 1 159 32 160 AND
2 1 160 3 161 XOR
2 1 158 161 162 XOR
2 1 162 33 163 AND
2 1 158 163 164 XOR
2 1 5 6 165 XOR
2 1 165 32 166 AND
2 1 166 5 167 XOR
2 1 7 8 168 XOR
2 1 168 32 169 AND
2 1 169 7 170 XOR
2 1 167 170 171 XOR
2 1 171 33 172 AND
2 1 167 172 173 XOR
2 1 164 173 174 XOR
2 1 174 34 175 AND
2 1 164 175 176 XOR
2 1 9 10 177 XOR
2 1 177 32 178 AND
2 1 178 9 179 XOR
2 1 11 12 180 XOR
2 1 180 32 181 AND
2 1 181 11 182 XOR
2 1 179 182 183 XOR
2 1 183 33 184 AND
2 1 179 184 185 XOR
2 1 13 14 186 XOR
2 1 186 32 187 AND
2 1 187 13 188 XOR
2 1 15 16 189 XOR
2 1 189 32 190 AND
2 1 190 15 191 XOR
2 1 188 191 192 XOR
2 1 192 33 193 AND
2 1 188 193 194 XOR
2 1 185 194 195 XOR
2 1 195 34 196 AND
2 1 185 196 197 XOR
2 1 176 197 198 XOR
2 1 198 35 199 AND
2 1 176 199 200 XOR
2 1 17 18 201 XOR
2 1 201 32 202 AND
2 1 202 17 203 XOR
2 1 19 20 204 XOR
2 1 204 32 205 AND
2 1 205 19 206 XOR
2 1 203 206 207 XOR
2 1 207 33 208 AND
2 1 203 208 209 XOR
2 1 21 22 210 XOR
2 1 210 32 211 AND
2 1 211 21 212 XOR
2 1 23 24 213 XOR
2 1 213 32 214 AND
2 1 214 23 215 XOR
2 1 212 215 216 XOR
2 1 216 33 217 AND
2 1 212 217 218 XOR
2 1 209 218 219 XOR
2 1 219 34 220 AND
2 1 209 220 221 XOR
2 1 25 26 222 XOR
2 1 222 32 223 AND
2 1 223 25 224 XOR
2 1 27 28 225 XOR
2 1 225 32 226 AND
2 1 226 27 227 XOR
2 1 224 227 228 XOR
2 1 228 33 229 AND
2 1 224 229 230 XOR
2 1 29 30 231 XOR
2 1 231 32 232 AND
2 1 232 29 233 XOR
2 1 233 31 234 XOR
2 1 234 33 235 AND
2 1 233 235 236 XOR
2 1 230 236 237 XOR
2 1 237 34 238 AND
2 1 230 238 239 XOR
2 1 221 239 240 XOR
2 1 240 35 241 AND
2 1 221 241 242 XOR
2 1 200 242 243 XOR
2 1 243 36 244 AND
2 1 200 244 499 XOR
2 1 69 75 245 XOR
2 1 245 33 246 AND
2 1 69 246 247 XOR
2 1 78 87 248 XOR
2 1 248 33 249 AND
2 1 78 249 250 XOR
2 1 247 250 251 XOR
2 1 251 34 252 AND
2 1 247 252 253 XOR
2 1 90 96 254 XOR
2 1 254 33 255 AND
2 1 90 255 256 XOR
2 1 99 111 257 XOR
2 1 257 33 258 AND
2 1 99 258 259 XOR
2 1 256 259 260 XOR
2 1 260 34 261 AND
2 1 256 261 262 XOR
2 1 253 262 263 XOR
2 1 263 35 264 AND
2 1 253 264 265 XOR
2 1 114 120 266 XOR
2 1 266 33 267 AND
2 1 114 267 268 XOR
2 1 123 132 269 XOR
2 1 269 33 270 AND
2 1 123 270 271 XOR
2 1 268 271 272 XOR
2 1 272 34 273 AND
2 1 268 273 274 XOR
2 1 135 141 275 XOR
2 1 275 33 276 AND
2 1 135 276 277 XOR
2 1 144 31 278 XOR
2 1 278 33 279 AND
2 1 144 279 280 XOR
2 1 277 280 281 XOR
2 1 281 34 282 AND
2 1 277 282 283 XOR
2 1 274 283 284 XOR
2 1 284 35 285 AND
2 1 274 285 286 XOR
2 1 265 286 287 XOR
2 1 287 36 288 AND
2 1 265 288 500 XOR
2 1 161 167 289 XOR
2 1 289 33 290 AND
2 1 161 290 291 XOR
2 1 170 179 292 XOR
2 1 292 33 293 AND
2 1 170 293 294 XOR
2 1 291 294 295 XOR
2 1 295 34 296 AND
2 1 291 296 297 XOR
2 1 182 188 298 XOR
2 1 298 33 299 AND
2 1 182 299 300 XOR
2 1 191 203 301 XOR
2 1 301 33 302 AND
2 1 191 302 303 XOR
2 1 300 303 304 XOR
2 1 304 34 305 AND
2 1 300 305 306 XOR
2 1 297 306 307 XOR
2 1 307 35 308 AND
2 1 297 308 309 XOR
2 1 206 212 310 XOR
2 1 310 33 311 AND
2 1 206 311 312 XOR
2 1 215 224 313 XOR
2 1 313 33 314 AND
2 1 215 314 315 XOR
2 1 312 315 316 XOR
2 1 316 34 317 AND
2 1 312 317 318 XOR
2 1 227 233 319 XOR
2 1 319 33 320 AND
2 1 227 320 321 XOR
2 1 321 31 322 XOR
2 1 322 34 323 AND
2 1 321 323 324 XOR
2 1 318 324 325 XOR
2 1 325 35 326 AND
2 1 318 326 327 XOR
2 1 309 327 328 XOR
2 1 328 36 329 AND
2 1 309 329 501 XOR
2 1 81 93 330 XOR
2 1 330 34 331 AND
2 1 81 331 332 XOR
2 1 102 117 333 XOR
2 1 333 34 334 AND
2 1 102 334 335 XOR
2 1 332 335 336 XOR
2 1 336 35 337 AND
2 1 332 337 338 XOR
2 1 126 138 339 XOR
2 1 339 34 340 AND
2 1 126 340 341 XOR
2 1 147 31 342 XOR
2 1 342 34 343 AND
2 1 147 343 344 XOR
2 1 341 344 345 XOR
2 1 345 35 346 AND
2 1 341 346 347 XOR
2 1 338 347 348 XOR
2 1 348 36 349 AND
2 1 338 349 502 XOR
2 1 173 185 350 XOR
2 1 350 34 351 AND
2 1 173 351 352 XOR
2 1 194 209 353 XOR
2 1 353 34 354 AND
2 1 194 354 355 XOR
2 1 352 355 356 XOR
2 1 356 35 357 AND
2 1 352 357 358 XOR
2 1 218 230 359 XOR
2 1 359 34 360 AND
2 1 218 360 361 XOR
2 1 236 31 362 XOR
2 1 362 34 363 AND
2 1 236 363 364 XOR
2 1 361 364 365 XOR
2 1 365 35 366 AND
2 1 361 366 367 XOR
2 1 358 367 368 XOR
2 1 368 36 369 AND
2 1 358 369 503 XOR
2 1 250 256 370 XOR
2 1 370 34 371 AND
2 1 250 371 372 XOR
2 1 259 268 373 XOR
2 1 373 34 374 AND
2 1 259 374 375 XOR
2 1 372 375 376 XOR
2 1 376 35 377 AND
2 1 372 377 378 XOR
2 1 271 277 379 XOR
2 1 379 34 380 AND
2 1 271 380 381 XOR
2 1 280 31 382 XOR
2 1 382 34 383 AND
2 1 280 383 384 XOR
2 1 381 384 385 XOR
2 1 385 35 386 AND
2 1 381 386 387 XOR
2 1 378 387 388 XOR
2 1 388 36 389 AND
2 1 378 389 504 XOR
2 1 294 300 390 XOR
2 1 390 34 391 AND
2 1 294 391 392 XOR
2 1 303 312 393 XOR
2 1 393 34 394 AND
2 1 303 394 395 XOR
2 1 392 395 396 XOR
2 1 396 35 397 AND
2 1 392 397 398 XOR
2 1 315 321 399 XOR
2 1 399 34 400 AND
2 1 315 400 401 XOR
2 1 401 31 402 XOR
2 1 402 35 403 AND
2 1 401 403 404 XOR
2 1 398 404 405 XOR
2 1 405 36 406 AND
2 1 398 406 505 XOR
2 1 105 129 407 XOR
2 1 407 35 408 AND
2 1 105 408 409 XOR
2 1 150 31 410 XOR
2 1 410 35 411 AND
2 1 150 411 412 XOR
2 1 409 412 413 XOR
2 1 413 36 414 AND
2 1 409 414 506 XOR
2 1 197 221 415 XOR
2 1 415 35 416 AND
2 1 197 416 417 XOR
2 1 239 31 418 XOR
2 1 418 35 419 AND
2 1 239 419 420 XOR
2 1 417 420 421 XOR
2 1 421 36 422 AND
2 1 417 422 507 XOR
2 1 262 274 423 XOR
2 1 423 35 424 AND
2 1 262 424 425 XOR
2 1 283 31 426 XOR
2 1 426 35 427 AND
2 1 283 427 428 XOR
2 1 425 428 429 XOR
2 1 429 36 430 AND
2 1 425 430 508 XOR
2 1 306 318 431 XOR
2 1 431 35 432 AND
2 1 306 432 433 XOR
2 1 324 31 434 XOR
2 1 434 35 435 AND
2 1 324 435 436 XOR
2 1 433 436 437 XOR
2 1 437 36 438 AND
2 1 433 438 509 XOR
2 1 335 341 439 XOR
2 1 439 35 440 AND
2 1 335 440 441 XOR
2 1 344 31 442 XOR
2 1 442 35 443 AND
2 1 344 443 444 XOR
2 1 441 444 445 XOR
2 1 445 36 446 AND
2 1 441 446 510 XOR
2 1 355 361 447 XOR
2 1 447 35 448 AND
2 1 355 448 449 XOR
2 1 364 31 450 XOR
2 1 450 35 451 AND
2 1 364 451 452 XOR
2 1 449 452 453 XOR
2 1 453 36 454 AND
2 1 449 454 511 XOR
2 1 375 381 455 XOR
2 1 455 35 456 AND
2 1 375 456 457 XOR
2 1 384 31 458 XOR
2 1 458 35 459 AND
2 1 384 459 460 XOR
2 1 457 460 461 XOR
2 1 461 36 462 AND
2 1 457 462 512 XOR
2 1 395 401 463 XOR
2 1 463 35 464 AND
2 1 395 464 465 XOR
2 1 465 31 466 XOR
2 1 466 36 467 AND
2 1 465 467 513 XOR
2 1 153 31 468 XOR
2 1 468 36 469 AND
2 1 153 469 514 XOR
2 1 242 31 470 XOR
2 1 470 36 471 AND
2 1 242 471 515 XOR
2 1 286 31 472 XOR
2 1 472 36 473 AND
2 1 286 473 516 XOR
2 1 327 31 474 XOR
2 1 474 36 475 AND
2 1 327 475 517 XOR
2 1 347 31 476 XOR
2 1 476 36 477 AND
2 1 347 477 518 XOR
2 1 367 31 478 XOR
2 1 478 36 479 AND
2 1 367 479 519 XOR
2 1 387 31 480 XOR
2 1 480 36 481 AND
2 1 387 481 520 XOR
2 1 404 31 482 XOR
2 1 482 36 483 AND
2 1 404 483 521 XOR
2 1 412 31 484 XOR
2 1 484 36 485 AND
2 1 412 485 522 XOR
2 1 420 31 486 XOR
2 1 486 36 487 AND
2 1 420 487 523 XOR
2 1 428 31 488 XOR
2 1 488 36 489 AND
2 1 428 489 524 XOR
2 1 436 31 490 XOR
2 1 490 36 491 AND
2 1 436 491 525 XOR
2 1 444 31 492 XOR
2 1 492 36 493 AND
2 1 444 493 526 XOR
2 1 452 31 494 XOR
2 1 494 36 495 AND
2 1 452 495 527 XOR
2 1 460 31 496 XOR
2 1 496 36 497 AND
2 1 460 497 528 XOR
1 1 31 529 EQW